Matrix A (random filled matrix):
0.2612354072311688	0.7896514759603707	0.7458277200441472	0.4442417266736227	
0.34351291861158206	0.6496440152236552	0.8211180032316412	0.8938008150873747	
0.6616348916909821	0.031858142358711206	0.8689858114324936	0.875145800615545	
0.91132645983447	0.7009781812001824	0.11922683604766704	0.23120049511332752	

Matrix B (manually filled matrix):
1.0	2.0	1.0	2.0	
2.0	1.0	2.0	1.0	
1.0	2.0	1.0	2.0	
2.0	1.0	2.0	1.0	

Matrix C = A + B:
1.261235407231169	2.7896514759603708	1.7458277200441472	2.4442417266736225	
2.343512918611582	1.6496440152236551	2.821118003231641	1.8938008150873746	
1.6616348916909822	2.031858142358711	1.8689858114324935	2.8751458006155453	
2.91132645983447	1.7009781812001825	2.119226836047667	1.2312004951133275	

Matrix D = C * 2:
2.522470814462338	5.5793029519207415	3.4916554400882944	4.888483453347245	
4.687025837223164	3.2992880304473102	5.642236006463282	3.7876016301747493	
3.3232697833819644	4.063716284717422	3.737971622864987	5.7502916012310905	
5.82265291966894	3.401956362400365	4.238453672095334	2.462400990226655	

Matrix M = C / 2:
0.6306177036155844	1.3948257379801854	0.8729138600220736	1.2221208633368112	
1.171756459305791	0.8248220076118276	1.4105590016158205	0.9469004075436873	
0.8308174458454911	1.0159290711793556	0.9344929057162468	1.4375729003077726	
1.455663229917235	0.8504890906000913	1.0596134180238335	0.6156002475566638	

Matrix E = C * D:
36.290425784787296	31.650430383943814	37.029331271882285	32.789338620872854	
34.0456481228215	36.424670201447846	36.06246655148652	38.58996664903529	
36.66691729252155	33.35059833193378	36.43846788295565	33.64571916659957	
29.527880376081367	34.655616227043566	32.90266524668892	35.89248055296135	

